0
171
200
195
205
36
0
0
118
141
166
185
0
108
178
173
151
0
0
0
0
59
55
68
122
160
153
127
132
140
157
168
156
160
0
159
192
192
150
85
106
89
3
58
119
132
139
118
127
147
0
94
146
92
35
0
138
0
0
10
0
60
114
193
171
220
158
224
222
154
108
169
104
0
0
0
0
44
0
77
74
57
75
0
106
72
0
0
186
148
107
66
0
0
102
167
198
208
225
233
235
241
272
135
0
0
0
0
132
0
0
227
168
0
10
0
0
0
0
0
0
0
0
0
0
0
0
0
0
0
0
0
0
0
0
97
121
155
134
95
100
123
129
133
158
162
150
126
154
168
167
171
180
199
206
197
189
186
195
189
205
57
0
0
0
0
0
0
0
0
0
0
0
0
0
0
0
0
0
0
0
0
0
0
0
0
0
0
0
0
0
0
